!IPSummaryDump 1.3
!creator "./ipsumdump -D facebook-all-test3.pcap"
!host ubuntu
!runtime 1544149410.095386674 (Thu Dec  6 18:23:30 2018)
!data dport
80
41738
443
443
43704
34138
443
443
34138
443
443
43708
443
34138
443
34138
443
34138
443
34140
443
43704
443
443
43704
443
34140
43720
443
43708
443
443
43720
80
46784
34140
443
80
43704
46784
80
80
46784
443
34138
46800
80
443
34138
443
43720
443
34138
443
46784
443
34138
443
43720
34138
53
53
53
53
53
53
53
53
80
46462
54415
50412
35264
53378
40336
54485
36086
443
443
443
34880
443
443
34880
44426
443
40186
443
34880
443
443
44426
34880
443
443
443
40186
44426
443
443
44426
443
44426
40186
443
443
40186
443
40186
44426
40186
443
44426
443
40186
40186
44426
443
34140
443
34140
443
443
80
46784
34140
443
443
443
34140
34140
34140
443
46784
80
443
43708
443
34138
34138
443
43708
443
443
34880
443
34880
443
34138
34880
443
443
34880
34880
53
53
51172
39487
443
443
443
34138
47338
443
443
47338
34138
443
47338
443
47338
443
443
47338
53
53
41476
43401
80
47338
57082
80
80
57082
443
57082
80
443
443
443
47338
47338
47338
34138
443
34138
443
47338
443
34138
443
34138
443
34138
443
47338
443
34138
443
443
47338
443
43704
34138
443
34138
443
34138
443
34138
443
34138
443
34138
443
34138
443
34138
443
34138
34138
443
34138
443
34138
443
34138
443
34138
443
34138
443
34138
443
34138
443
34138
443
34138
443
43704
443
443
47338
47338
443
47338
443
443
443
443
443
443
443
34880
443
34880
443
34880
443
44426
443
443
34880
34880
443
443
34880
44426
44436
443
44438
443
44440
443
44446
443
44444
443
44442
443
34880
443
34880
443
44426
443
44426
443
34880
443
443
443
34138
34168
443
443
34168
34138
443
34138
443
34168
443
34168
443
443
34168
443
34168
34168
34168
443
443
34168
443
443
443
44426
44426
443
44426
443
44426
44426
443
44426
443
44426
443
44426
443
44426
443
44426
443
44426
443
44426
443
44426
443
44426
443
44426
443
44426
443
44426
443
44426
443
44426
443
44426
443
44426
443
44426
443
44426
443
44426
443
44426
443
44426
443
44426
443
44426
443
44426
443
44426
443
44426
443
44426
443
44426
443
44426
443
44426
443
80
443
443
46800
43720
43720
46800
80
43720
443
443
44426
44426
443
44426
443
44426
443
44426
443
44426
443
44426
443
44426
443
443
44426
44426
443
44426
443
44426
443
443
44426
443
44426
443
44426
443
44426
443
44426
44426
443
44426
443
44426
443
443
44426
44426
443
44426
443
44426
44426
443
44426
443
44426
443
44426
443
44426
443
44426
443
44426
443
44426
443
44426
443
44426
443
44426
44426
443
44426
443
44426
44426
443
44426
443
44426
443
44426
443
44426
443
44426
443
443
44426
44426
443
44426
44426
443
53
53
47578
45176
443
443
44452
443
443
44452
44450
443
443
44450
44452
443
44452
443
44450
443
44450
443
44450
443
443
44450
443
443
44450
443
44452
443
44450
44452
443
443
44450
44450
44450
443
44452
443
44452
443
443
443
44452
44452
44452
443
53
53
49311
50754
443
50336
443
443
50336
50336
443
50336
443
80
46784
46784
80
80
41738
443
50336
443
443
50336
50336
50336
443
50336
443
443
50336
50336
50336
443
53
53
53
53
53
53
54773
36160
443
41814
60735
53797
59730
443
443
53648
443
34180
443
443
53648
39420
443
443
34180
443
39420
34180
443
53648
443
39420
443
443
53648
443
39420
80
53
46784
53
53648
41345
60948
39420
443
80
80
46784
80
443
34180
443
34180
443
34180
443
57110
80
80
57110
34180
443
443
34180
57112
80
80
57112
57110
80
443
53648
34180
34180
443
57112
80
53648
443
443
53648
443
39420
443
39420
39420
443
443
53648
53648
443
53648
443
53648
53648
443
53648
443
53648
443
443
53648
443
39420
443
39420
39420
443
39420
443
39420
443
39420
443
39420
443
39420
443
39420
443
39420
443
39420
443
39420
443
39420
443
39420
443
39420
443
39420
443
39420
443
39420
443
39420
443
39420
443
39420
443
39420
443
39420
443
39420
443
39420
443
39420
443
39420
443
39420
443
39420
443
443
39420
443
43708
443
53648
53648
443
53648
443
53648
80
57082
443
43704
53
53
42301
41738
53
46889
443
52162
443
443
52162
53
53
443
443
443
34138
34138
34138
34138
52162
443
45390
53497
443
80
34138
443
52162
46784
34138
443
46784
80
443
443
52162
52162
52162
52162
52162
443
52162
443
53
53
80
41738
54822
55437
41738
80
80
57110
80
57112
443
43708
80
57082
443
43704
443
56794
56794
443
123
60716
80
46784
443
52162
80
41738
80
80
57112
57110
443
43708
80
57082
443
43704
443
80
52162
46784
80
41738
80
80
57112
57110
443
43708
80
57082
443
43704
443
80
52162
46784
80
41738
80
80
57112
57110
443
43708
80
57082
443
43704
123
443
80
52162
46784
80
41738
443
40186
40186
443
443
47338
47338
443
443
34880
34880
443
80
80
57112
57110
43708
443
443
43708
43704
443
443
43704
43708
443
43704
443
80
57082
443
44426
44426
443
443
80
52162
46784
443
50336
50336
443
