!IPSummaryDump 1.3
!creator "./ipsumdump -l /home/stuart/Desktop/Project5/facebook-all-test3.pcap"
!host ubuntu
!runtime 1544130039.832838405 (Thu Dec  6 13:00:39 2018)
!data ip_len
40
40
1008
60
40
44
40
557
40
60
970
40
60
1450
40
1450
40
490
40
44
40
250
40
966
40
557
40
44
40
250
40
557
40
479
40
3311
40
60
250
827
40
479
40
104
40
44
40
210
40
40
185
40
277
40
828
71
40
91
40
71
69
69
76
76
87
87
75
75
40
97
85
115
127
103
114
126
115
60
60
60
44
40
557
40
44
40
44
40
1450
40
557
40
1638
40
40
557
40
3310
40
104
40
210
40
3309
40
104
40
210
40
277
277
71
40
71
40
71
71
104
40
227
40
40
40
479
40
277
40
64
40
40
40
88
40
828
40
1008
40
390
40
75
40
250
40
104
40
210
40
75
40
286
40
71
40
71
84
84
112
100
60
40
116
40
44
40
557
40
75
40
1470
40
2196
40
133
40
70
70
117
129
60
393
44
40
475
40
40
745
40
217
516
78
40
40
40
7090
40
7090
40
78
40
16960
40
5680
40
5680
40
977
40
7090
40
86
40
1391
40
7090
40
4270
40
2860
40
16960
40
7090
40
5680
40
1450
40
1450
40
1450
1450
40
1450
40
1450
40
1450
40
1450
40
1450
40
1450
40
1450
40
1450
40
1252
40
250
40
310
40
724
86
40
60
60
60
60
60
60
354
40
209
40
209
40
263
40
75
75
40
40
75
75
40
40
44
40
44
40
44
40
44
40
44
40
44
40
1485
40
280
40
75
40
1316
40
88
40
60
213
40
44
40
557
40
75
40
394
40
1450
40
1901
40
104
40
227
40
203
114
64
40
40
40
159
75
40
40
135
40
75
40
75
40
14140
40
4270
40
2860
40
8500
40
4270
40
2860
40
1450
40
5680
40
4270
40
1450
40
2860
40
2860
40
2860
40
4270
40
4270
40
4270
40
4270
40
2860
40
16960
40
5680
40
2860
40
1450
40
2860
40
4270
40
2860
40
1450
40
1450
40
8500
40
4270
40
1425
40
40
71
40
40
40
40
40
40
71
40
134
40
75
40
1450
40
1450
40
1450
40
1450
40
1450
40
4270
40
126
40
8500
40
2860
40
3258
40
75
40
134
40
134
40
75
40
75
40
2895
40
3929
40
88
134
75
40
40
126
40
75
40
2895
40
4270
40
4270
40
2860
40
2860
40
2860
40
7090
40
5680
40
2860
40
4270
40
1450
1450
40
4270
40
1450
2860
40
2860
40
8500
40
8243
40
21447
40
1588
40
126
40
75
75
40
766
40
78
78
141
129
60
60
44
40
557
40
44
40
557
40
1450
40
1900
40
1450
40
1450
40
489
40
104
40
104
227
203
40
40
227
40
40
64
40
40
40
114
40
203
40
114
40
64
40
40
40
40
40
69
69
119
131
60
44
40
557
40
1450
40
2143
40
479
40
828
40
40
40
104
40
210
445
40
40
209
40
114
40
71
40
84
365
40
71
71
72
72
66
66
87
99
60
88
100
94
82
60
60
44
40
44
40
557
40
44
40
557
40
557
40
3540
40
2355
40
3378
40
133
40
133
40
479
70
40
70
324
117
129
393
40
60
60
827
40
104
40
210
40
360
40
40
44
40
475
40
272
40
71
40
44
40
475
40
745
40
217
40
84
1474
40
745
40
147
40
78
40
217
40
78
40
78
40
467
40
1220
86
40
312
40
375
40
1470
40
12192
40
86
40
398
40
82
40
318
40
1470
40
1470
40
1470
40
1470
40
1470
40
1470
40
1470
40
1470
40
1470
40
2900
40
2900
40
2900
40
5760
40
8620
40
2900
40
2900
40
7190
40
2900
40
2900
40
4330
40
5760
40
4330
40
4330
40
10050
40
7190
40
2572
40
86
40
40
40
203
40
1594
40
250
86
40
40
40
40
40
87
87
294
344
116
194
60
44
40
253
40
73
73
230
1527
390
40
40
40
40
3443
40
118
130
166
479
75
40
40
40
379
40
828
40
2960
2645
40
40
40
40
91
40
196
40
81
81
336
40
239
263
424
40
40
40
40
40
40
40
40
40
40
40
86
40
86
40
76
76
40
40
40
40
40
40
40
40
40
40
40
40
40
40
40
40
40
40
40
40
40
40
40
40
40
40
40
40
40
40
40
40
40
40
40
40
40
40
40
40
40
40
40
40
40
40
40
40
76
40
40
40
40
40
40
79
40
79
40
86
40
86
40
79
40
79
40
40
40
40
40
71
40
40
40
71
40
40
40
40
40
40
40
40
40
79
40
79
40
40
40
40
40
79
40
79
40
