!IPSummaryDump 1.3
!creator "./ipsumdump -l facebook-only-test2.pcap"
!host ubuntu
!runtime 1544129896.986372086 (Thu Dec  6 12:58:16 2018)
!data ip_len
60
44
40
557
40
1450
40
1450
40
490
40
60
60
44
40
44
40
557
40
557
40
60
3310
40
1450
40
1899
40
44
40
557
40
3311
40
104
40
210
40
277
40
71
40
71
40
104
40
227
40
104
40
227
40
277
40
64
40
40
40
277
40
88
40
104
40
227
40
64
40
40
40
390
40
88
40
277
40
64
40
40
40
75
40
88
40
2860
40
4270
40
7090
40
4270
40
4270
40
8500
40
5680
40
2860
40
2860
40
5680
40
8500
40
8500
40
5680
40
2860
40
1450
40
4270
40
1450
40
5680
40
2860
40
7090
40
5680
40
2860
40
6810
40
213
40
60
428
40
44
40
557
40
3309
40
104
40
227
40
277
40
64
40
88
40
40
40
40
40
60
44
40
557
40
1450
40
2130
40
104
210
40
360
40
40
198
114
40
71
40
84
1477
40
230
1527
462
40
40
40
40
75
40
381
40
79
79
40
40
79
40
79
40
79
79
40
40
79
40
79
40
79
79
40
40
79
40
79
40
79
79
40
40
79
40
79
40
