!IPSummaryDump 1.3
!creator "./ipsumdump -S facebook-all-test3.pcap"
!host ubuntu
!runtime 1544149418.562789609 (Thu Dec  6 18:23:38 2018)
!data sport
41738
80
43704
34138
443
443
34138
34138
443
34140
43708
443
43720
443
34138
443
34138
443
34138
443
34140
443
43704
43704
443
34140
443
443
43720
443
43708
43720
443
46784
80
443
34140
46800
443
80
46784
46784
80
34138
443
80
46800
34138
443
43704
443
43720
443
34138
80
34138
443
43720
443
443
54415
46462
50412
35264
53378
36086
40336
54485
46784
53
53
53
53
53
53
53
53
44426
34880
40186
443
34880
34880
443
443
44426
443
40186
443
34880
44426
443
443
34880
34138
40186
443
443
44426
44426
443
44426
443
443
40186
40186
443
40186
443
443
443
44426
443
40186
443
443
443
34140
443
34140
443
44426
40186
46784
80
443
34140
34140
34140
443
443
443
34140
80
46784
43708
443
34138
443
443
34138
443
43708
34880
443
34880
443
34138
443
443
34880
34880
443
443
39487
51172
53
53
47338
34880
34138
443
443
47338
47338
443
443
34138
443
47338
443
47338
47338
443
41476
43401
53
53
57082
443
80
57082
57082
80
47338
80
57082
47338
47338
47338
443
443
443
443
34138
443
34138
443
47338
443
34138
443
34138
443
34138
443
47338
443
34138
47338
443
43704
443
443
34138
443
34138
443
34138
443
34138
443
34138
443
34138
443
34138
443
34138
443
443
34138
443
34138
443
34138
443
34138
443
34138
443
34138
443
34138
443
34138
443
34138
443
34138
443
43704
47338
443
443
47338
443
44436
44438
44440
44442
44444
44446
34880
443
34880
443
34880
443
44426
443
34880
34880
443
443
34880
44426
443
443
443
44436
443
44438
443
44440
443
44446
443
44444
443
44442
443
34880
443
34880
443
44426
443
44426
443
34880
34168
34138
443
443
34168
34168
443
443
34138
443
34138
443
34168
443
34168
34168
443
34168
443
443
443
34168
34168
443
34168
44426
44426
443
443
44426
443
44426
443
443
44426
443
44426
443
44426
443
44426
443
44426
443
44426
443
44426
443
44426
443
44426
443
44426
443
44426
443
44426
443
44426
443
44426
443
44426
443
44426
443
44426
443
44426
443
44426
443
44426
443
44426
443
44426
443
44426
443
44426
443
44426
443
44426
443
44426
443
44426
443
44426
443
44426
443
44426
46800
43720
43720
80
443
443
80
46800
443
43720
44426
443
443
44426
443
44426
443
44426
443
44426
443
44426
443
44426
443
44426
44426
443
443
44426
443
44426
443
44426
44426
443
44426
443
44426
443
44426
443
44426
443
443
44426
443
44426
443
44426
44426
443
443
44426
443
44426
443
443
44426
443
44426
443
44426
443
44426
443
44426
443
44426
443
44426
443
44426
443
44426
443
44426
443
443
44426
443
44426
443
443
44426
443
44426
443
44426
443
44426
443
44426
443
44426
44426
443
443
44426
443
443
44426
45176
47578
53
53
44450
44452
443
44452
44452
443
443
44450
44450
443
443
44452
443
44452
443
44450
443
44450
443
44450
44450
443
44452
44450
443
44450
443
44452
443
443
44450
44450
443
443
443
44450
443
44452
443
44452
44452
44452
443
443
443
44452
49311
50754
53
53
50336
443
50336
50336
443
443
50336
443
50336
46784
80
80
46784
41738
80
50336
443
50336
50336
443
443
443
50336
443
50336
50336
443
443
443
50336
54773
36160
41814
60735
59730
53797
53
53
53648
53
53
53
53
39420
34180
443
53648
443
34180
53648
443
443
39420
34180
443
39420
443
443
34180
443
53648
443
39420
53648
443
39420
443
46784
41345
80
60948
443
53
53
443
39420
57110
57112
80
46784
34180
443
34180
443
34180
443
53648
80
57110
57110
80
443
34180
34180
443
80
57112
57112
80
80
57110
53648
443
443
443
34180
80
57112
443
53648
53648
443
39420
443
39420
443
443
39420
53648
443
443
53648
443
53648
443
443
53648
443
53648
443
53648
53648
443
39420
443
39420
443
443
39420
443
39420
443
39420
443
39420
443
39420
443
39420
443
39420
443
39420
443
39420
443
39420
443
39420
443
39420
443
39420
443
39420
443
39420
443
39420
443
39420
443
39420
443
39420
443
39420
443
39420
443
39420
443
39420
443
39420
443
39420
443
39420
443
39420
39420
443
43708
443
53648
443
443
53648
443
53648
443
57082
80
43704
443
41738
42301
53
53
46889
53
52162
443
52162
52162
443
45390
53497
34138
34138
34138
443
443
443
443
443
52162
53
53
52162
46784
443
34138
443
80
443
34138
80
46784
52162
52162
443
443
443
443
443
52162
443
52162
54822
55437
41738
80
53
53
80
41738
57110
80
57112
80
43708
443
57082
80
43704
443
56794
443
443
56794
60716
123
46784
80
52162
443
41738
80
57112
57110
80
80
43708
443
57082
80
43704
443
52162
46784
443
80
41738
80
57112
57110
80
80
43708
443
57082
80
43704
443
52162
46784
443
80
41738
80
57112
57110
80
80
43708
443
57082
80
43704
443
54803
52162
46784
443
80
41738
80
40186
443
443
40186
47338
443
443
47338
34880
443
443
34880
57112
57110
80
80
443
43708
43708
443
443
43704
43704
443
443
43708
443
43704
57082
80
44426
443
443
44426
52162
46784
443
80
50336
443
443
50336
