!IPSummaryDump 1.3
!creator "./ipsumdump -S facebook-only-test2.pcap"
!host ubuntu
!runtime 1544153857.265223442 (Thu Dec  6 19:37:37 2018)
!data sport
34218
443
34218
34218
443
443
34218
443
34218
443
34218
34222
34224
443
34224
443
34222
34224
443
34222
443
34228
443
34224
443
34222
443
34222
443
34228
34228
443
443
34228
34218
443
34218
443
443
34218
34218
443
443
34218
34224
443
34224
443
34222
443
34222
443
443
34224
34224
34224
443
443
443
34222
443
34224
34228
443
34228
443
34222
443
34222
443
34218
443
443
34222
443
34228
34228
34228
443
443
443
34218
443
34228
443
34218
443
34218
443
34218
443
34218
443
34218
443
34218
443
34218
443
34218
443
34218
443
34218
443
34218
443
34218
443
34218
443
34218
443
34218
443
34218
443
34218
443
34218
443
34218
443
34218
443
34218
443
34218
443
34218
34218
443
34260
443
34218
443
34260
34260
443
443
34260
34260
443
34260
443
443
34260
34260
34260
443
34260
443
34260
443
34260
34274
443
34274
34274
443
443
34274
443
34274
34274
34274
443
34274
443
443
443
443
34274
34274
443
443
443
34274
34218
34218
34218
443
443
443
443
443
34218
443
34218
34218
34274
443
443
443
34218
443
34274
34218
34274
443
443
443
34274
443
34218
34218
34274
443
443
443
34218
443
34274
34218
34274
443
443
443
34218
443
34274
