!IPSummaryDump 1.3
!creator "./ipsumdump -t facebook-only-test2.pcap"
!host ubuntu
!runtime 1544128950.459774531 (Thu Dec  6 12:42:30 2018)
!data timestamp
1544128794.316248
1544128794.333342
1544128794.333373
1544128794.338734
1544128794.339428
1544128794.380835
1544128794.380853
1544128794.387218
1544128794.387230
1544128794.413415
1544128794.413435
1544128794.536731
1544128794.536889
1544128794.597474
1544128794.597484
1544128794.597514
1544128794.597522
1544128794.602025
1544128794.602553
1544128794.621717
1544128794.622638
1544128794.653365
1544128794.675379
1544128794.675395
1544128794.675436
1544128794.675458
1544128794.675484
1544128794.675490
1544128794.675514
1544128794.675526
1544128794.702625
1544128794.703341
1544128794.747033
1544128794.747043
1544128794.835781
1544128794.836122
1544128794.836833
1544128794.837069
1544128794.951159
1544128794.951166
1544128794.952039
1544128794.952470
1544128794.976855
1544128795.018616
1544128795.169429
1544128795.170798
1544128795.170817
1544128795.172062
1544128795.185317
1544128795.187831
1544128795.187855
1544128795.188785
1544128795.197363
1544128795.197368
1544128795.198323
1544128795.198392
1544128795.198545
1544128795.198625
1544128795.216625
1544128795.216641
1544128795.216752
1544128795.216763
1544128795.221974
1544128795.222320
1544128795.235863
1544128795.236013
1544128795.256772
1544128795.256983
1544128795.257131
1544128795.257604
1544128795.258523
1544128795.258843
1544128795.275487
1544128795.275509
1544128795.275822
1544128795.275827
1544128795.300002
1544128795.300135
1544128795.300383
1544128795.300743
1544128795.352836
1544128795.352853
1544128795.352879
1544128795.352892
1544128795.525349
1544128795.525375
1544128795.525843
1544128795.525868
1544128795.564973
1544128795.565012
1544128795.586193
1544128795.586214
1544128795.586340
1544128795.586347
1544128795.603732
1544128795.603755
1544128795.643145
1544128795.643165
1544128795.643217
1544128795.643223
1544128795.669773
1544128795.669793
1544128795.669863
1544128795.669870
1544128795.762553
1544128795.762571
1544128795.786321
1544128795.786341
1544128795.801344
1544128795.801366
1544128795.801415
1544128795.801423
1544128795.812558
1544128795.812577
1544128795.812856
1544128795.812864
1544128795.812894
1544128795.813996
1544128795.837704
1544128795.837726
1544128795.844299
1544128795.844315
1544128795.844360
1544128795.844368
1544128795.856947
1544128795.857000
1544128795.857196
1544128795.857218
1544128795.866994
1544128795.867030
1544128796.842713
1544128796.843050
1544128796.851182
1544128796.964553
1544128796.964558
1544128796.964651
1544128796.964665
1544128796.969628
1544128796.970221
1544128796.994002
1544128796.994025
1544128797.032593
1544128797.035562
1544128797.035582
1544128797.044096
1544128797.055407
1544128797.055431
1544128797.063978
1544128797.064013
1544128797.070413
1544128797.070446
1544128797.070518
1544128797.070529
1544128797.070572
1544128797.070595
1544128802.897418
1544128802.953828
1544128802.953867
1544128802.955999
1544128802.956540
1544128803.013990
1544128803.014015
1544128803.027307
1544128803.027325
1544128803.064886
1544128803.065400
1544128803.065478
1544128803.065542
1544128803.065614
1544128803.065723
1544128803.131464
1544128803.132573
1544128803.132651
1544128803.132766
1544128803.132966
1544128803.150932
1544128803.155497
1544128803.155515
1544128810.014409
1544128810.014546
1544128810.014759
1544128810.017336
1544128810.017427
1544128810.017432
1544128810.017434
1544128810.038271
1544128810.038291
1544128810.073949
1544128810.073968
1544128841.431266
1544128841.431677
1544128841.434512
1544128841.434623
1544128841.500635
1544128841.500669
1544128841.557404
1544128841.601101
1544128847.491506
1544128847.492246
1544128847.494701
1544128847.495141
1544128847.521159
1544128847.521181
1544128847.526807
1544128847.526835
1544128853.495055
1544128853.495526
1544128853.498221
1544128853.498411
1544128853.512295
1544128853.512310
1544128853.512733
1544128853.512751
1544128859.498725
1544128859.499255
1544128859.501917
1544128859.502217
1544128859.516546
1544128859.516855
1544128859.516955
1544128859.516968
