!IPSummaryDump 1.3
!creator "./ipsumdump -t /home/stuart/Desktop/Project5/facebook-all-test3.pcap"
!host ubuntu
!runtime 1544128330.027728623 (Thu Dec  6 12:32:10 2018)
!data timestamp
1544128193.356505
1544128193.356903
1544128194.607820
1544128194.609110
1544128194.610636
1544128194.633545
1544128194.633587
1544128194.636977
1544128194.637579
1544128194.656598
1544128194.724590
1544128194.725045
1544128194.727462
1544128194.737899
1544128194.737920
1544128194.742526
1544128194.742545
1544128194.754002
1544128194.754017
1544128194.754051
1544128194.754067
1544128194.754091
1544128194.754095
1544128194.759479
1544128194.759897
1544128194.768334
1544128194.768887
1544128194.813286
1544128194.813352
1544128194.813394
1544128194.813433
1544128194.816180
1544128194.816798
1544128194.823688
1544128194.824375
1544128194.859291
1544128194.859311
1544128194.868393
1544128194.876519
1544128194.876548
1544128194.876564
1544128194.877511
1544128194.879080
1544128194.881438
1544128194.881977
1544128194.898280
1544128194.898336
1544128194.912563
1544128194.912984
1544128194.920823
1544128194.947325
1544128194.947344
1544128194.947469
1544128194.947481
1544128194.947522
1544128194.970396
1544128194.970660
1544128194.970919
1544128194.971436
1544128194.976645
1544128194.979756
1544128194.980069
1544128194.980290
1544128194.980534
1544128194.980750
1544128194.980989
1544128194.981200
1544128194.981410
1544128194.988522
1544128195.000091
1544128195.000229
1544128195.000424
1544128195.000629
1544128195.000774
1544128195.001064
1544128195.001197
1544128195.001690
1544128195.002872
1544128195.003097
1544128195.003951
1544128195.009043
1544128195.009104
1544128195.011216
1544128195.011990
1544128195.016889
1544128195.016921
1544128195.016971
1544128195.016985
1544128195.018528
1544128195.018541
1544128195.019305
1544128195.019898
1544128195.019910
1544128195.019920
1544128195.021257
1544128195.032509
1544128195.033257
1544128195.047413
1544128195.047436
1544128195.068537
1544128195.068891
1544128195.069063
1544128195.069253
1544128195.069796
1544128195.069809
1544128195.074892
1544128195.075395
1544128195.076202
1544128195.076373
1544128195.112167
1544128195.112201
1544128195.112820
1544128195.113223
1544128195.113405
1544128195.113841
1544128195.125821
1544128195.125855
1544128195.159348
1544128195.164220
1544128195.164242
1544128195.166389
1544128195.168803
1544128195.168878
1544128195.183543
1544128195.184441
1544128195.204759
1544128195.204826
1544128195.211211
1544128195.211293
1544128195.212452
1544128195.212463
1544128195.225394
1544128195.225419
1544128195.225550
1544128195.225561
1544128195.277565
1544128195.282945
1544128195.299765
1544128195.300382
1544128195.371831
1544128195.371883
1544128195.402190
1544128195.402209
1544128195.433000
1544128195.433670
1544128195.433728
1544128195.433900
1544128195.460112
1544128195.460658
1544128195.465290
1544128195.465309
1544128195.465553
1544128195.465747
1544128195.470829
1544128195.480750
1544128195.481006
1544128195.485461
1544128195.487200
1544128195.487660
1544128195.512769
1544128195.513135
1544128195.513359
1544128195.527198
1544128195.527227
1544128195.528554
1544128195.529105
1544128195.542900
1544128195.542951
1544128195.632903
1544128195.632923
1544128195.632976
1544128195.632985
1544128195.646431
1544128195.646742
1544128195.647240
1544128195.647443
1544128195.681082
1544128195.681118
1544128195.682464
1544128195.688076
1544128195.704445
1544128195.704500
1544128195.705044
1544128195.706393
1544128195.728519
1544128195.794895
1544128195.794927
1544128195.798684
1544128195.798903
1544128195.799255
1544128195.799517
1544128195.799536
1544128195.799542
1544128195.825489
1544128195.825552
1544128195.838037
1544128195.838217
1544128195.838314
1544128195.838329
1544128195.941571
1544128195.941601
1544128195.963744
1544128195.963769
1544128195.983550
1544128195.983574
1544128195.983640
1544128195.983648
1544128195.983816
1544128195.983852
1544128195.984336
1544128195.984622
1544128195.987200
1544128195.987597
1544128195.989750
1544128195.989769
1544128195.989875
1544128195.989887
1544128195.989931
1544128195.989937
1544128196.006014
1544128196.006060
1544128196.009859
1544128196.009877
1544128196.009940
1544128196.009947
1544128196.012842
1544128196.012855
1544128196.013879
1544128196.013891
1544128196.015477
1544128196.047594
1544128196.047611
1544128196.062470
1544128196.062488
1544128196.068767
1544128196.068789
1544128196.068852
1544128196.068865
1544128196.068907
1544128196.068915
1544128196.078037
1544128196.078052
1544128196.078102
1544128196.078107
1544128196.078161
1544128196.078182
1544128196.078204
1544128196.078208
1544128196.078229
1544128196.078234
1544128196.078255
1544128196.078259
1544128196.143099
1544128196.143731
1544128196.242571
1544128196.243006
1544128196.243585
1544128196.752499
1544128196.778965
1544128196.784232
1544128196.786123
1544128196.788645
1544128196.791054
1544128196.837713
1544128196.838290
1544128196.838420
1544128196.838629
1544128196.840834
1544128196.841115
1544128196.841934
1544128196.842196
1544128196.842342
1544128196.842435
1544128196.842485
1544128196.842509
1544128196.842556
1544128196.842638
1544128196.842683
1544128196.842736
1544128196.856677
1544128196.856705
1544128196.856746
1544128196.856751
1544128196.856777
1544128196.856782
1544128196.856829
1544128196.856833
1544128196.856869
1544128196.856874
1544128196.856897
1544128196.856917
1544128196.888871
1544128196.888891
1544128196.939569
1544128196.939591
1544128196.939636
1544128196.939641
1544128196.939746
1544128196.939752
1544128196.939937
1544128196.939944
1544128197.023852
1544128197.036134
1544128197.038358
1544128197.208349
1544128197.208382
1544128197.210320
1544128197.210797
1544128197.216172
1544128197.216190
1544128197.228257
1544128197.228276
1544128197.312699
1544128197.312718
1544128197.343109
1544128197.343128
1544128197.347361
1544128197.347758
1544128197.350787
1544128197.350981
1544128197.368926
1544128197.369334
1544128197.369377
1544128197.369449
1544128197.369555
1544128197.369571
1544128198.115958
1544128198.116328
1544128198.118788
1544128198.118801
1544128198.150481
1544128198.150762
1544128198.152121
1544128198.152311
1544128198.177091
1544128198.177127
1544128198.223035
1544128198.223063
1544128198.252931
1544128198.252967
1544128198.260712
1544128198.260730
1544128198.299772
1544128198.299791
1544128198.299841
1544128198.299847
1544128198.299879
1544128198.299883
1544128198.299914
1544128198.299918
1544128198.314092
1544128198.314162
1544128198.314256
1544128198.314268
1544128198.314332
1544128198.314343
1544128198.314407
1544128198.314417
1544128198.314479
1544128198.314488
1544128198.481744
1544128198.481788
1544128198.508054
1544128198.508075
1544128198.546322
1544128198.546341
1544128198.650178
1544128198.650203
1544128198.689626
1544128198.689647
1544128198.701825
1544128198.701848
1544128198.719676
1544128198.719704
1544128198.769857
1544128198.769879
1544128198.781596
1544128198.781627
1544128198.781704
1544128198.781711
1544128198.781748
1544128198.781752
1544128198.781785
1544128198.781789
1544128198.781962
1544128198.781970
1544128198.782004
1544128198.782009
1544128198.834592
1544128198.834611
1544128198.839563
1544128198.839583
1544128198.839632
1544128198.839638
1544128198.839671
1544128198.839675
1544128200.164805
1544128200.165161
1544128200.165393
1544128200.167607
1544128200.167629
1544128200.167750
1544128200.201870
1544128200.201933
1544128200.504499
1544128200.504524
1544128201.290164
1544128201.293008
1544128201.332800
1544128201.332819
1544128201.344903
1544128201.344924
1544128201.355997
1544128201.356017
1544128201.373865
1544128201.373884
1544128201.373937
1544128201.373946
1544128201.380677
1544128201.380697
1544128201.388435
1544128201.388457
1544128201.400055
1544128201.400619
1544128201.428244
1544128201.428267
1544128201.428324
1544128201.428331
1544128201.428366
1544128201.428372
1544128201.432026
1544128201.432263
1544128201.437716
1544128201.438101
1544128201.439547
1544128201.439718
1544128201.445597
1544128201.445801
1544128201.445990
1544128201.446143
1544128201.469220
1544128201.469263
1544128201.510158
1544128201.510178
1544128201.522205
1544128201.557206
1544128201.557495
1544128201.557753
1544128201.557784
1544128201.557966
1544128201.558156
1544128201.558312
1544128201.558563
1544128201.595586
1544128201.595635
1544128201.645192
1544128201.645216
1544128201.660645
1544128201.660760
1544128201.668148
1544128201.668167
1544128201.673038
1544128201.673056
1544128201.701896
1544128201.701916
1544128201.726578
1544128201.726595
1544128201.726646
1544128201.726653
1544128201.726678
1544128201.726683
1544128201.726706
1544128201.726710
1544128201.747726
1544128201.747743
1544128201.747752
1544128201.747800
1544128201.747806
1544128201.747837
1544128201.747842
1544128201.747845
1544128201.747876
1544128201.747880
1544128201.755202
1544128201.755219
1544128201.798714
1544128201.798740
1544128201.806136
1544128201.806268
1544128201.829637
1544128201.829656
1544128202.501189
1544128202.504065
1544128202.519113
1544128202.520951
1544128202.521457
1544128202.525968
1544128202.568649
1544128202.693472
1544128202.694252
1544128202.720428
1544128202.721762
1544128202.748764
1544128202.749055
1544128202.806895
1544128202.806930
1544128202.808621
1544128202.809098
1544128202.812522
1544128202.812550
1544128202.815310
1544128202.815832
1544128202.847574
1544128202.847634
1544128202.847826
1544128202.847839
1544128202.848110
1544128202.848118
1544128202.848907
1544128202.848918
1544128202.849091
1544128202.849099
1544128202.939907
1544128202.940782
1544128202.968519
1544128202.969156
1544128202.969455
1544128202.969469
1544128202.969515
1544128202.969525
1544128202.969562
1544128202.971590
1544128202.979229
1544128202.979320
1544128202.979481
1544128202.979830
1544128202.990002
1544128202.990029
1544128202.996902
1544128202.996956
1544128202.997060
1544128202.997077
1544128202.998000
1544128202.998107
1544128202.998231
1544128202.998361
1544128203.032094
1544128203.032137
1544128203.329914
1544128203.330312
1544128203.355355
1544128203.366747
1544128203.367469
1544128203.395841
1544128203.395876
1544128203.398148
1544128203.398879
1544128203.425308
1544128203.425323
1544128203.429278
1544128203.429410
1544128203.500580
1544128203.501399
1544128203.593080
1544128203.593127
1544128203.596926
1544128203.597135
1544128203.648455
1544128203.649051
1544128203.649226
1544128203.649344
1544128203.649476
1544128203.649485
1544128203.667379
1544128203.667399
1544128203.676547
1544128203.676601
1544128203.677741
1544128203.677945
1544128203.718178
1544128203.726828
1544128203.726937
1544128204.045359
1544128204.045612
1544128204.046275
1544128204.046461
1544128204.078221
1544128204.078966
1544128204.224352
1544128204.225556
1544128204.225954
1544128204.226996
1544128204.227007
1544128204.227031
1544128204.227035
1544128204.227598
1544128204.229187
1544128204.271343
1544128204.271377
1544128204.272575
1544128204.272591
1544128204.273231
1544128204.273728
1544128204.274472
1544128204.274485
1544128204.275178
1544128204.275586
1544128204.289149
1544128204.290008
1544128204.336759
1544128204.336787
1544128204.336839
1544128204.336846
1544128204.336898
1544128204.336904
1544128204.349467
1544128204.349952
1544128204.386907
1544128204.387467
1544128204.391768
1544128204.392384
1544128204.392479
1544128204.392654
1544128204.407310
1544128204.420713
1544128204.420842
1544128204.420851
1544128204.420864
1544128204.421765
1544128204.421860
1544128204.426402
1544128204.426428
1544128204.429712
1544128204.430139
1544128204.431063
1544128204.431315
1544128204.431598
1544128204.431789
1544128204.448331
1544128204.454994
1544128204.455046
1544128204.455543
1544128204.456918
1544128204.509088
1544128204.509115
1544128204.509640
1544128204.509966
1544128204.514575
1544128204.514617
1544128204.515055
1544128204.516366
1544128204.532328
1544128204.532354
1544128204.535917
1544128204.536585
1544128204.619053
1544128204.627606
1544128204.627645
1544128204.628421
1544128204.628442
1544128204.628603
1544128204.628618
1544128204.631377
1544128204.631926
1544128204.660847
1544128204.661486
1544128204.661601
1544128204.661980
1544128204.719155
1544128204.719174
1544128204.726106
1544128204.726413
1544128204.784191
1544128204.787897
1544128204.788162
1544128205.071195
1544128205.073969
1544128205.151980
1544128205.193253
1544128205.204044
1544128205.204084
1544128205.206735
1544128205.206769
1544128205.207692
1544128205.208223
1544128205.244484
1544128205.244899
1544128205.245242
1544128205.245503
1544128205.274177
1544128205.274201
1544128205.274452
1544128205.274464
1544128205.276624
1544128205.276639
1544128205.276862
1544128205.276877
1544128205.282689
1544128205.282711
1544128205.282959
1544128205.282970
1544128205.285232
1544128205.285245
1544128205.285501
1544128205.285511
1544128205.287463
1544128205.287475
1544128205.289166
1544128205.289179
1544128205.290987
1544128205.291000
1544128205.294250
1544128205.294264
1544128205.297591
1544128205.297604
1544128205.316821
1544128205.316845
1544128205.318775
1544128205.318797
1544128205.322233
1544128205.322247
1544128205.330344
1544128205.330361
1544128205.337901
1544128205.337917
1544128205.343254
1544128205.343267
1544128205.346363
1544128205.346377
1544128205.350814
1544128205.350829
1544128205.354972
1544128205.354987
1544128205.355046
1544128205.355052
1544128205.357963
1544128205.357975
1544128205.384922
1544128205.384943
1544128205.384999
1544128205.385007
1544128205.385211
1544128205.385221
1544128205.386653
1544128205.386897
1544128205.644640
1544128205.644910
1544128205.844573
1544128205.847414
1544128205.886280
1544128205.886300
1544128205.886646
1544128205.886914
1544128205.887171
1544128205.900775
1544128205.901041
1544128206.156326
1544128206.156726
1544128210.455003
1544128210.455260
1544128210.477469
1544128210.477489
1544128210.477909
1544128210.482167
1544128210.482634
1544128210.554079
1544128210.554116
1544128210.554397
1544128210.554860
1544128210.637909
1544128210.638162
1544128210.638742
1544128210.638834
1544128210.638958
1544128210.640001
1544128210.640087
1544128210.640093
1544128210.640095
1544128210.673413
1544128210.673438
1544128210.673490
1544128210.673504
1544128210.686918
1544128210.687986
1544128210.688160
1544128210.688171
1544128210.688210
1544128210.694963
1544128210.702019
1544128210.702033
1544128210.731443
1544128210.731456
1544128210.736288
1544128210.736379
1544128210.739197
1544128210.739204
1544128210.739206
1544128210.739207
1544128210.751927
1544128210.792669
1544128210.926848
1544128210.926882
1544128212.462987
1544128212.463434
1544128212.464250
1544128212.469967
1544128212.489755
1544128212.494099
1544128212.502200
1544128212.502227
1544128214.605238
1544128214.605635
1544128214.632402
1544128214.632807
1544128215.884604
1544128215.884915
1544128216.141263
1544128216.141702
1544128216.397019
1544128216.397382
1544128216.468049
1544128216.471089
1544128216.487423
1544128216.529088
1544128217.751917
1544128217.887130
1544128220.749295
1544128220.749710
1544128220.928738
1544128220.929141
1544128222.542654
1544128222.542993
1544128224.844630
1544128224.844787
1544128224.844943
1544128224.844959
1544128226.124863
1544128226.125202
1544128226.380478
1544128226.380881
1544128226.637227
1544128226.637514
1544128230.989163
1544128230.989323
1544128230.989412
1544128230.989535
1544128232.781218
1544128232.781641
1544128235.084797
1544128235.084964
1544128235.089682
1544128235.089703
1544128236.364730
1544128236.365211
1544128236.620286
1544128236.620557
1544128236.876521
1544128236.876902
1544128241.228797
1544128241.228968
1544128241.229060
1544128241.229118
1544128243.021084
1544128243.021445
1544128245.324687
1544128245.324865
1544128245.326406
1544128245.326426
1544128246.605045
1544128246.605328
1544128246.861132
1544128246.861539
1544128247.116770
1544128247.117210
1544128249.999377
1544128251.469162
1544128251.469326
1544128251.469445
1544128251.469499
1544128253.260349
1544128253.260763
1544128253.470031
1544128253.473261
1544128253.499292
1544128253.499333
1544128254.471778
1544128254.475015
1544128254.523611
1544128254.564878
1544128255.473553
1544128255.476845
1544128255.480804
1544128255.480845
1544128255.564409
1544128255.564565
1544128255.564730
1544128255.564749
1544128256.028860
1544128256.028917
1544128256.029458
1544128256.030361
1544128256.035440
1544128256.035483
1544128256.036783
1544128256.037560
1544128256.144449
1544128256.144500
1544128256.145048
1544128256.145083
1544128257.100340
1544128257.100700
1544128261.475563
1544128261.478775
1544128261.505020
1544128261.505061
1544128261.708437
1544128261.708594
1544128261.710643
1544128261.710662
1544128262.476857
1544128262.479922
1544128262.519338
1544128262.562193
